1|1|1|Paula Zapata|2020/11/26
2|1|Coca Cola|1200|55|66000
2|2|Alpinito|1700|5|8500
2|2|Alpinito|1700|4|6800
2|2|Alpinito|1700|6|10200
2|3|Doritos|3000|9|27000
1|2|1|Paula Zapata|2020/11/26
2|4|Arepas|900|12|10800
2|4|Arepas|900|9|8100
1|3|3|Valentina Santillana|2020/11/26
2|2|Alpinito|1700|3|5100
2|1|Coca Cola|1200|5|6000
1|4|7|Alberto Zuluaga|2020/11/26
2|2|Alpinito|1700|12|20400
2|3|Doritos|3000|12|36000
2|1|Coca Cola|1200|12|14400
1|5|8|Andrea Zuñiga|2020/11/26
2|8|Café|3500|6|21000
2|8|Café|3500|4|14000
1|5|1|Maria Ibarguen|2020/11/26
2|9|Lampára|14000|1|14000
2|6|Aceite|2500|2|5000
2|4|Arepas|900|6|5400
2|10|Arroz|1600|3|4800
2|5|Limón|4000|9|36000
1|6|4|Leopoldo Marin|2021/01/21
2|3|Doritos|3000|12|36000
2|6|Aceite|2500|34|85000
2|6|Aceite|2500|54|135000
2|6|Aceite|2500|787|1967500
2|3|Doritos|3000|324|972000
2|7|Nachos|4500|231|1039500
2|2|Alpinito|1700|3|5100
2|7|Nachos|4500|4|18000
2|7|Nachos|4500|34|153000
1|7|6|Rafael Zapata|2021/01/21
2|7|Nachos|4500|90|405000
